1.000000e+03,4.436970e-03,1.584401e+01,9.767174e-37,1.228331e-41,1.414128e-41,1.016379e-41,1.251659e-41,1.096370e-41,1.390151e-41,1.324350e-41,1.420055e-41,1.365999e-41,1.495520e-41,1.235490e-41,1.365601e-41,1.164728e-41,1.451307e-41,1.081879e-41,1.104837e-41,1.183953e-41,1.256112e-41,1.429869e-41,1.287981e-41
2.000000e+03,7.735014e-03,2.876277e+01,5.461228e-37,9.064348e-42,1.025643e-41,9.751757e-42,9.400925e-42,1.028537e-41,9.089855e-42,9.293866e-42,9.329857e-42,7.881870e-42,9.025271e-42,1.034325e-41,9.943349e-42,9.763817e-42,9.837570e-42,1.090571e-41,9.435513e-42,9.185947e-42,9.912608e-42,1.078393e-41,9.361346e-42
3.000000e+03,1.123405e-02,3.306401e+01,4.869823e-36,7.085341e-42,6.511878e-42,5.562250e-42,4.857006e-42,6.614643e-42,7.210555e-42,6.543889e-42,6.683158e-42,6.020816e-42,6.840649e-42,7.038469e-42,6.125776e-42,6.323897e-42,5.884659e-42,6.233676e-42,5.834842e-42,7.295826e-42,5.689059e-42,6.611923e-42,6.111351e-42
4.000000e+03,1.494813e-02,3.329410e+01,3.158664e-38,5.123057e-42,6.023322e-42,6.167177e-42,6.093291e-42,6.082231e-42,5.261219e-42,5.297224e-42,5.289212e-42,4.537073e-42,4.293099e-42,5.621880e-42,6.139555e-42,5.491724e-42,5.620015e-42,6.071037e-42,5.775458e-42,5.808966e-42,4.568127e-42,5.812356e-42,5.454073e-42
5.000000e+03,1.859307e-02,3.704519e+01,1.749171e-38,3.711100e-42,3.649838e-42,4.524216e-42,4.207863e-42,3.776826e-42,3.803054e-42,3.636965e-42,4.537892e-42,4.084711e-42,4.067185e-42,4.133178e-42,3.311285e-42,5.202603e-42,4.831072e-42,3.902640e-42,4.434769e-42,4.580533e-42,4.748295e-42,3.911552e-42,4.165335e-42
6.000000e+03,2.213407e-02,3.870066e+01,1.001303e-39,2.965939e-42,3.471655e-42,3.482868e-42,3.789293e-42,3.020492e-42,3.586311e-42,2.943222e-42,3.064116e-42,3.897506e-42,3.549042e-42,4.198548e-42,2.809306e-42,2.637329e-42,3.739334e-42,2.329868e-42,2.866893e-42,2.612363e-42,2.383136e-42,3.460645e-42,3.747838e-42
7.000000e+03,2.586102e-02,3.362548e+01,1.482131e-39,2.609860e-42,2.579314e-42,2.387954e-42,2.552410e-42,2.853018e-42,3.050721e-42,2.755868e-42,2.438782e-42,2.895930e-42,2.242981e-42,2.617463e-42,2.419667e-42,2.762201e-42,3.779216e-42,2.376242e-42,3.294871e-42,2.607590e-42,2.411451e-42,3.364903e-42,2.811759e-42
8.000000e+03,2.928019e-02,3.008613e+01,8.974200e-39,2.760274e-42,2.425206e-42,2.426858e-42,2.763467e-42,2.561725e-42,2.519889e-42,2.243622e-42,2.675766e-42,2.507532e-42,2.391029e-42,2.623469e-42,1.947068e-42,2.056681e-42,2.606620e-42,2.446025e-42,2.191427e-42,2.464075e-42,2.296756e-42,2.590161e-42,2.680313e-42
9.000000e+03,3.342700e-02,4.004175e+01,9.984483e-40,2.411285e-42,1.892799e-42,2.740641e-42,2.562216e-42,3.164540e-42,2.432056e-42,2.402480e-42,3.085382e-42,2.828960e-42,2.416810e-42,2.153533e-42,3.074171e-42,2.380165e-42,1.909776e-42,2.792686e-42,2.641747e-42,2.462840e-42,2.163060e-42,2.039320e-42,2.113420e-42
1.000000e+04,3.643990e-02,3.515580e+01,1.278467e-39,2.244198e-42,2.125403e-42,2.125996e-42,2.211652e-42,2.091057e-42,2.250220e-42,2.805103e-42,2.382140e-42,1.904072e-42,2.384558e-42,2.057481e-42,2.447175e-42,2.580558e-42,2.207709e-42,2.603512e-42,2.660684e-42,2.562553e-42,2.477848e-42,2.156593e-42,2.022362e-42
1.100000e+04,3.993511e-02,4.545381e+01,2.235768e-41,2.426264e-42,2.531114e-42,2.123789e-42,1.989330e-42,2.427234e-42,2.310730e-42,2.234496e-42,2.436466e-42,1.899663e-42,2.504049e-42,2.430505e-42,2.373473e-42,1.933254e-42,2.742391e-42,2.482154e-42,2.332301e-42,2.618790e-42,2.366459e-42,2.028788e-42,2.480150e-42
1.200000e+04,5.935001e-02,4.573084e+01,2.849247e-40,2.361267e-42,2.435468e-42,2.109770e-42,2.295207e-42,2.274754e-42,2.276005e-42,2.287338e-42,2.034215e-42,2.021290e-42,2.300887e-42,1.889110e-42,2.130291e-42,2.263933e-42,2.251118e-42,2.104563e-42,2.457938e-42,2.170419e-42,2.023755e-42,2.226330e-42,1.889556e-42
1.300000e+04,6.391883e-02,3.863128e+01,4.492690e-39,2.138190e-42,2.082319e-42,2.001026e-42,2.015403e-42,2.149099e-42,1.878817e-42,2.127917e-42,2.054833e-42,1.948603e-42,1.923929e-42,2.543782e-42,2.097445e-42,2.006294e-42,1.924076e-42,2.021581e-42,2.121541e-42,1.869283e-42,2.164606e-42,1.998291e-42,2.178460e-42
1.400000e+04,7.265997e-02,3.740125e+01,7.952605e-39,2.254865e-42,2.206078e-42,2.270925e-42,2.114969e-42,2.032476e-42,1.920767e-42,2.252200e-42,2.254877e-42,2.209457e-42,1.935993e-42,1.856070e-42,2.184732e-42,1.837617e-42,1.947275e-42,2.270397e-42,2.325624e-42,2.089181e-42,1.846222e-42,2.083507e-42,1.944948e-42
1.500000e+04,8.006597e-02,5.198306e+01,1.216832e-39,2.143832e-42,2.398916e-42,2.070002e-42,1.987948e-42,2.303676e-42,1.684642e-42,2.775768e-42,2.284063e-42,2.108036e-42,2.567161e-42,2.210915e-42,2.139969e-42,2.399758e-42,2.128479e-42,1.952693e-42,2.046867e-42,2.049244e-42,2.092867e-42,2.398711e-42,2.465158e-42
1.600000e+04,8.437896e-02,5.258188e+01,6.720909e-40,2.221841e-42,2.197670e-42,2.175725e-42,2.240073e-42,2.337325e-42,2.374666e-42,2.148667e-42,2.016599e-42,2.298596e-42,1.981820e-42,2.172048e-42,2.750765e-42,1.941581e-42,2.010221e-42,1.948904e-42,2.328182e-42,1.819671e-42,2.294918e-42,1.957408e-42,2.310596e-42
1.700000e+04,9.069705e-02,6.594117e+01,1.772637e-39,2.146849e-42,2.665196e-42,2.060080e-42,1.965022e-42,2.003921e-42,2.141902e-42,2.193276e-42,1.895881e-42,2.202239e-42,2.071446e-42,2.088073e-42,2.561090e-42,2.137317e-42,2.173420e-42,2.055450e-42,2.397518e-42,1.654585e-42,2.271738e-42,2.249210e-42,2.080997e-42
1.800000e+04,9.510899e-02,7.254654e+01,1.681730e-40,2.537909e-42,2.096118e-42,1.943769e-42,2.288125e-42,2.170507e-42,2.127262e-42,2.055713e-42,2.423528e-42,2.154021e-42,2.105558e-42,2.115613e-42,2.129364e-42,1.848573e-42,1.855464e-42,2.293598e-42,2.003200e-42,1.994919e-42,1.871960e-42,2.215295e-42,2.112967e-42
1.900000e+04,1.019099e-01,8.116038e+01,8.411310e-41,2.157060e-42,2.187308e-42,2.062295e-42,2.158169e-42,1.795614e-42,2.278074e-42,2.450989e-42,2.212959e-42,2.016709e-42,2.097144e-42,1.882767e-42,2.206675e-42,2.333697e-42,1.693123e-42,2.290246e-42,1.915138e-42,2.151648e-42,1.682805e-42,1.865742e-42,1.956930e-42
2.000000e+04,1.062081e-01,7.877655e+01,7.508394e-41,1.882961e-42,1.998863e-42,1.973738e-42,1.993161e-42,2.066755e-42,2.065123e-42,2.421553e-42,1.719890e-42,2.221931e-42,1.770780e-42,2.468108e-42,2.164882e-42,1.987582e-42,1.879195e-42,1.951960e-42,2.223442e-42,2.210581e-42,2.222743e-42,2.111053e-42,2.167543e-42
2.100000e+04,1.122060e-01,8.790268e+01,8.391949e-41,1.844996e-42,2.508951e-42,2.207012e-42,2.275019e-42,2.145947e-42,1.791567e-42,2.165412e-42,2.281609e-42,1.972147e-42,2.162064e-42,1.979785e-42,2.396208e-42,2.145670e-42,2.165637e-42,2.195440e-42,1.942243e-42,2.204783e-42,2.071157e-42,2.138745e-42,1.951965e-42
2.200000e+04,8.158207e-02,4.052657e+01,3.248524e-39,2.127074e-42,2.027145e-42,2.071210e-42,1.923633e-42,2.063162e-42,2.068496e-42,2.083436e-42,1.931192e-42,2.273864e-42,1.991782e-42,2.081064e-42,2.139378e-42,2.372672e-42,2.017239e-42,1.984912e-42,2.192311e-42,1.868398e-42,2.117642e-42,1.996870e-42,2.080703e-42
2.300000e+04,8.547521e-02,6.007270e+01,8.406328e-40,2.250413e-42,2.091375e-42,1.996978e-42,2.227481e-42,1.979761e-42,2.330846e-42,2.205069e-42,2.480610e-42,2.105767e-42,2.132069e-42,2.171566e-42,2.295206e-42,1.810118e-42,2.058725e-42,2.147642e-42,1.881994e-42,2.180042e-42,1.870212e-42,2.366492e-42,2.218361e-42
2.400000e+04,8.965492e-02,4.328731e+01,4.482347e-40,1.657064e-42,1.811331e-42,2.199714e-42,1.859158e-42,1.898321e-42,2.323593e-42,1.942565e-42,2.366310e-42,2.433470e-42,1.772345e-42,1.916783e-42,2.269373e-42,2.019982e-42,1.900847e-42,2.055861e-42,2.022838e-42,1.892852e-42,1.838673e-42,1.750418e-42,1.993945e-42
2.500000e+04,9.289312e-02,5.624090e+01,2.033068e-38,2.034537e-42,1.983260e-42,1.719768e-42,2.049039e-42,2.004796e-42,1.946889e-42,1.916522e-42,2.061558e-42,1.981525e-42,1.628914e-42,2.116162e-42,2.001507e-42,2.188806e-42,1.942871e-42,2.030347e-42,1.927526e-42,2.130429e-42,1.902398e-42,2.228612e-42,1.998056e-42
2.600000e+04,1.252329e-01,7.330907e+01,6.335684e-36,1.897397e-42,2.341867e-42,1.838493e-42,2.251844e-42,2.207727e-42,1.919421e-42,2.215812e-42,1.915241e-42,2.341990e-42,1.933578e-42,1.432576e-42,1.906200e-42,2.060684e-42,1.981358e-42,2.429568e-42,1.971447e-42,1.818591e-42,2.128863e-42,1.930078e-42,2.071817e-42
2.700000e+04,1.009738e-01,5.656610e+01,2.540261e-35,2.022130e-42,2.030604e-42,2.102435e-42,1.806620e-42,2.028554e-42,2.330243e-42,1.803732e-42,2.000994e-42,2.340190e-42,1.994053e-42,2.217259e-42,1.766167e-42,2.344433e-42,1.967059e-42,1.998933e-42,1.863464e-42,2.077115e-42,1.822587e-42,2.067593e-42,2.112429e-42
2.800000e+04,1.048529e-01,5.212477e+01,9.883713e-37,2.317297e-42,2.236156e-42,2.160712e-42,2.398267e-42,1.987079e-42,1.861905e-42,2.434590e-42,1.774136e-42,2.346157e-42,2.122891e-42,2.205465e-42,1.977273e-42,2.062610e-42,2.204577e-42,2.038680e-42,2.592857e-42,2.274764e-42,2.096222e-42,1.817101e-42,2.000481e-42
2.900000e+04,1.090469e-01,5.574196e+01,1.221144e-35,1.868000e-42,1.988650e-42,2.135077e-42,2.321816e-42,2.303586e-42,2.098996e-42,2.210161e-42,2.038735e-42,2.080753e-42,2.145818e-42,2.124718e-42,2.127941e-42,2.200593e-42,2.332959e-42,2.227030e-42,2.258209e-42,2.283654e-42,2.169330e-42,1.562965e-42,2.162071e-42
3.000000e+04,1.125531e-01,6.693948e+01,2.728388e-36,2.312819e-42,1.997904e-42,2.095367e-42,1.912644e-42,2.051501e-42,2.221811e-42,2.462023e-42,2.129646e-42,1.916936e-42,1.912637e-42,2.051444e-42,2.184396e-42,2.045898e-42,1.848822e-42,1.956954e-42,1.985125e-42,1.985903e-42,2.133144e-42,2.113264e-42,1.981809e-42
3.100000e+04,1.172421e-01,8.404554e+01,1.741325e-35,1.931068e-42,2.141373e-42,2.147238e-42,2.031445e-42,2.099402e-42,2.111595e-42,1.907801e-42,2.188645e-42,1.926706e-42,2.097516e-42,2.117757e-42,1.879488e-42,2.251529e-42,2.053475e-42,1.806472e-42,1.960094e-42,2.110347e-42,2.480901e-42,1.904661e-42,2.314527e-42
3.200000e+04,1.690781e-01,5.932051e+01,3.432282e-35,1.608113e-42,2.099733e-42,2.543758e-42,2.002656e-42,1.956996e-42,2.026814e-42,1.853386e-42,2.386325e-42,2.181596e-42,2.050698e-42,2.091789e-42,2.123715e-42,2.003797e-42,2.218101e-42,2.312140e-42,1.807360e-42,2.043625e-42,2.025255e-42,2.211421e-42,2.113808e-42
3.300000e+04,1.293581e-01,7.278503e+01,1.547202e-35,2.200385e-42,2.216556e-42,2.130957e-42,2.121348e-42,1.876649e-42,2.118108e-42,2.109710e-42,2.254307e-42,2.083547e-42,2.078885e-42,2.015146e-42,2.136010e-42,2.088973e-42,2.083929e-42,2.219726e-42,2.041342e-42,1.917588e-42,2.151869e-42,2.162164e-42,2.189290e-42
3.400000e+04,1.291821e-01,8.566060e+01,6.533411e-36,2.253738e-42,1.934516e-42,1.935407e-42,2.058290e-42,1.898081e-42,2.087188e-42,2.131693e-42,2.043709e-42,1.987242e-42,2.334949e-42,2.280012e-42,1.984565e-42,2.239358e-42,2.012166e-42,2.152287e-42,2.025055e-42,2.067877e-42,1.767464e-42,2.246205e-42,2.104062e-42
3.500000e+04,1.825640e-01,9.982443e+01,9.115662e-38,2.066176e-42,2.344232e-42,2.094056e-42,2.051539e-42,2.032680e-42,2.018823e-42,2.122391e-42,1.913054e-42,1.949006e-42,2.137688e-42,2.041459e-42,1.781803e-42,1.835172e-42,2.169858e-42,1.997755e-42,1.735858e-42,2.017870e-42,1.860451e-42,1.910645e-42,2.045736e-42
3.600000e+04,1.946959e-01,8.678844e+01,1.422556e-39,2.064393e-42,1.608705e-42,1.620798e-42,1.970383e-42,2.036204e-42,1.944403e-42,1.672824e-42,1.950063e-42,2.241842e-42,1.815806e-42,2.196171e-42,1.787583e-42,1.960993e-42,2.020938e-42,2.132248e-42,1.940037e-42,2.102731e-42,2.161293e-42,2.026751e-42,2.230263e-42
3.700000e+04,1.998391e-01,8.684575e+01,2.142461e-37,2.106170e-42,1.945105e-42,2.109867e-42,2.085963e-42,1.982492e-42,1.978850e-42,2.084245e-42,1.899271e-42,1.982675e-42,2.126791e-42,1.881385e-42,1.673138e-42,2.283070e-42,1.915690e-42,1.971032e-42,1.868334e-42,2.393323e-42,1.987279e-42,1.991706e-42,1.803988e-42
3.800000e+04,2.047369e-01,9.567977e+01,4.710800e-37,2.023097e-42,1.856472e-42,2.018706e-42,1.894598e-42,1.748516e-42,2.078444e-42,2.210791e-42,1.999955e-42,2.159603e-42,2.052459e-42,1.930004e-42,2.090699e-42,2.198219e-42,1.926071e-42,2.098369e-42,1.775504e-42,1.969600e-42,1.897435e-42,1.876301e-42,2.166631e-42
3.900000e+04,2.079360e-01,1.105637e+02,5.649315e-37,1.684248e-42,1.973274e-42,1.840531e-42,1.887159e-42,1.849500e-42,1.868104e-42,2.074165e-42,2.083803e-42,1.969707e-42,1.620887e-42,2.040966e-42,2.051871e-42,2.258640e-42,2.159186e-42,1.956681e-42,1.834575e-42,2.137632e-42,2.122425e-42,1.908253e-42,2.134245e-42
4.000000e+04,2.131031e-01,1.106320e+02,8.354340e-37,1.677772e-42,2.076698e-42,1.791780e-42,2.052631e-42,1.938429e-42,1.997114e-42,1.813412e-42,1.802046e-42,2.059702e-42,2.061006e-42,1.715050e-42,1.833939e-42,1.798473e-42,1.833598e-42,1.938474e-42,2.062725e-42,2.050623e-42,1.624348e-42,2.120810e-42,1.997393e-42
4.100000e+04,2.077370e-01,9.997943e+01,2.198472e-36,2.031598e-42,1.912289e-42,1.943006e-42,1.963005e-42,1.853031e-42,1.870916e-42,2.023357e-42,1.950753e-42,2.277747e-42,1.718852e-42,1.896285e-42,2.019082e-42,2.057879e-42,1.919743e-42,1.801177e-42,2.113834e-42,1.884907e-42,1.810605e-42,1.843220e-42,2.105398e-42
4.200000e+04,2.267170e-01,1.168145e+02,6.931450e-37,1.918871e-42,1.963954e-42,1.630081e-42,1.974240e-42,1.858664e-42,1.979042e-42,2.153383e-42,2.095416e-42,1.916137e-42,2.071835e-42,1.790204e-42,1.933938e-42,1.885890e-42,2.246183e-42,1.702606e-42,2.071366e-42,2.088280e-42,1.992688e-42,2.008766e-42,1.999579e-42
4.300000e+04,2.340760e-01,1.037391e+02,2.215702e-37,2.176104e-42,1.679351e-42,1.794892e-42,1.801569e-42,1.859846e-42,1.988525e-42,2.104224e-42,2.111478e-42,1.831193e-42,1.981402e-42,2.047184e-42,2.006509e-42,2.084484e-42,2.064090e-42,2.015127e-42,1.991966e-42,1.930089e-42,1.637860e-42,2.020693e-42,1.857822e-42
4.400000e+04,2.354050e-01,1.417187e+02,3.145219e-38,1.882959e-42,1.889177e-42,1.963070e-42,1.975305e-42,1.771446e-42,1.684530e-42,2.058204e-42,1.987915e-42,2.042947e-42,2.047964e-42,1.862748e-42,2.020264e-42,1.987643e-42,1.922987e-42,1.983945e-42,2.132705e-42,2.115505e-42,1.683789e-42,2.026089e-42,2.074925e-42
4.500000e+04,2.406158e-01,1.142904e+02,7.621230e-39,2.084738e-42,1.769144e-42,1.868246e-42,2.111103e-42,2.062886e-42,1.953038e-42,2.029895e-42,1.804755e-42,1.710200e-42,1.694769e-42,1.810680e-42,1.986421e-42,1.744767e-42,1.912414e-42,1.931404e-42,1.885731e-42,2.073507e-42,1.800039e-42,1.742382e-42,1.963070e-42
4.600000e+04,2.189679e-01,1.078169e+02,2.792483e-40,1.501576e-42,1.957139e-42,2.031989e-42,1.941721e-42,2.090445e-42,1.836310e-42,2.006695e-42,2.067150e-42,2.203950e-42,1.868840e-42,2.054199e-42,1.890803e-42,2.152512e-42,2.005910e-42,2.093179e-42,1.478378e-42,2.170078e-42,2.122766e-42,1.975788e-42,2.059734e-42
4.700000e+04,2.510509e-01,1.641445e+02,2.232851e-41,1.909615e-42,1.887046e-42,1.679099e-42,2.093966e-42,1.673495e-42,1.745375e-42,1.942085e-42,1.811774e-42,2.040644e-42,1.922483e-42,1.937261e-42,1.873763e-42,1.935719e-42,1.617302e-42,1.997761e-42,1.844432e-42,1.911593e-42,2.489168e-42,2.019300e-42,1.778957e-42
4.800000e+04,2.484460e-01,1.564456e+02,4.419051e-41,2.000384e-42,1.439421e-42,2.076839e-42,1.915133e-42,2.016355e-42,2.268060e-42,2.139195e-42,1.959764e-42,1.866294e-42,1.944667e-42,1.846649e-42,2.150082e-42,2.009579e-42,1.944016e-42,1.945185e-42,2.045489e-42,1.941412e-42,1.824865e-42,1.695055e-42,2.091485e-42
4.900000e+04,2.960610e-01,1.722805e+02,2.669147e-41,1.985139e-42,2.152523e-42,1.924812e-42,1.551504e-42,1.916417e-42,1.844583e-42,2.186648e-42,1.973715e-42,1.921226e-42,1.869446e-42,1.912639e-42,1.860577e-42,1.701198e-42,1.928369e-42,1.898254e-42,1.949464e-42,1.988121e-42,2.016283e-42,1.865993e-42,2.092772e-42
5.000000e+04,2.725010e-01,1.709435e+02,2.577391e-41,2.072125e-42,2.099545e-42,1.987268e-42,2.031795e-42,2.045002e-42,1.807710e-42,1.662026e-42,2.079638e-42,2.113464e-42,2.086155e-42,2.076411e-42,1.737866e-42,2.174945e-42,2.134895e-42,2.018959e-42,2.074220e-42,2.032348e-42,2.068187e-42,2.054043e-42,2.070563e-42
